564

0101110, 000, 427
0101010010, 207
0111010, 95.
0010111, 189
000110,1,32
0001100010), 0011, 404
0001100111, 227
00010, 99
001010010,111,178
0111003011, 134350
(110110, 110, 381
0011011, 100501, 313
001110, 133, 207
eumen, 0011, 392

11010, 100, 114, 115
1101111, 1110, 345
1101111110, 12, 22
1101, 111, 131
11011010, 0111, 440
1101111, 001101, 24

1101111011,198
1110000000,’111ο., 370
1100, 414

110111181οο, Dr, 207, 295

11011101,0.,190
110010 ,Βο., 170,131
11001 (1, ·295

05000, 139, 158
00100000, 9
00110100, 159
00111, 108
0301100, 1110, 404
010000, 5011, 100
1111100011, 405
01000, 131

0083, 11011. , 381
00111, 190
10110101, 130
1101010001, 352
111010, 81, 89
0011100, 1110, 275
001111, 1011, 344
1100101, 95

Foster, 111011, 356
1011101111, 011, 414
11000000, 0001, 344
11101, 82
10110111, 405
1101101, 160, 207
101111, 128,169

0111111111, 352
00101001, 198, 227
00101001, 1110, 275
01000100, 151,158, 159
001010, 151

INDEX OF 1111118

011010, 8, 9, 47

0110111, 110110, 284, 295, 303
010101, 9

0110, Dr; 8, 99, 100, 151
0010111, 405
0010111010οι, 101, 168
0010100110, 0111, 304
00100100, 110110. , 381
0000100110011, 222
0000111011, 111, 178
010101, 0., 240
0100110, 131

01000011, 1, 74

001000, 229

0010οἐ12 , 2, 3, 14, 22, 31, 38, 39, 48,
001οο0, 111011, 258

0010011100, 8101, 357

0011110000, 303, 414

1101010000, 0111, 427

0001100111, 000, 230

00111010,131

000011, 110, 240

0011000, 100

001110οο, 240, 243

00111000, 0111, 229

0011, 99

011101, 0011, 274

0011601111, 23, 68,122, 130189, 199,
00101101, 111, 29,122,142,139,180,

0011101101έ301, 99
0011010, 0·0. 241
0011010, 158, 189, 199, 216
00111100, 000, 402
00110000,130

00100111, 131

00011110, 128,129
0000101001, 111,, 414
00000οο ,0οῂ 43
0011001, 0., 266
0011000,128
00131010, 0111, 240, 382
00111000, 303
0011001110, 433

00011, 48

0001100, 203

00111, 111,, 295
000101;8

0011001000, 414
001100, 116, 130
001100, 111, 199

1001000, 5011, 228
110100, 253
1111011, 111, 131, 211258

10001, 110, 344
1011010, 0001, 284

 

