566 110111 01 110100

8000001, 01, 217 770111, 01, 380

0000001010), 380 7701001, 01, 29, 37

8100011700, 344 7701010, 1010, 350

8100111011, 01, 100, 115, 122 7101000, 100, 108

81001000,181 Ι 77011110, 159

8100110 ,Etim 281 770110, 207

Stoura( 01), 123 7701100, 1010, 230

8100100011,1011.; 392 7700113, 01, 20, 28, 29, 54, 142

810100, 01, 47, 115, 122, 181, 189, 191 71000001,7110, 392

81110301,Ρο11., 392, 405 71001, 8

81311100, 241 · 77001 (00101, 19

80110111, 0010 01 , 72 7711011, 249

8110001011, 344 · 71111010, 99

811ογ00, 8 7701101010, 274

8030110100, 8, 9, 20, 29, 38, 47, 122 7711113111, 181, 207
7711111031οω, 7110. , 325

70111030, 1101, 392 7710111001, 77111. , 240, 241

7011, 1010, 392 · 771300, 01, 20

701101, 01 (1011), 19, 20, 37, 49 71111100 , 90

701101 (0110), 131 ‚ 7711110010, 011, 324, 356

711111ογ, Βρ, 9 77111οη31119, 357

71101000, 370 7111000, 9

71101000, 7110, 404 7710311010, 1401, 357, 382

7001000, 159 77111010, 131

70001, 00,, 220 770110, 110, 8

710300, 114 770011, 111010, 357, 438

Tremellius, 1. 11. , 08, 74 770011, 01, 381

7111001, 110 7701103, 109

701001, 1010, 392 - 710110103100, 158

71011011, 01, 380 7701100, Eam 304
77101110, 191

0100011030, 0100111130, 159, 169 7131110111, 189

7010, 48 7010, 82, 90, 99, 122, 131
701010, 010, 198 7011111100, 0110, 350
7100001, 123 70003, 11
70003, 01, 114, 122
7701101, 1011, 227, 229 700030 (Pet.) ; 151, 159
’ 7701101, 01, 1, 37, 00, 122, 131, 139,
142159, 169, 181 00000011, 151
Walpole‚ 0100, 381

 

