INDEX OF 1151151018

11051015, Elis.

5515812 Joh.
5055115, 105.

MA. 1559 150015. 15011.
5051515, 505.

BA. 1557-8

115. 1561

’ , 5051111151, 505.

5115716 105.
1151579
Dm.. 1586
50551111, Tho.
A. 1541-1)
A. 1546
BD. 1554
5055115, will.
BA. 15613
1111566
5111576
5011101 1511]
50011, 11111.
5115716 101.
MA. 1579
5111585 (5110)
5011105
BA. 1576-7 051.
1111560 -
50011150.
5515710 011.
1151561 - (5110150150)

BA). 1589 (11110)

50150515, 1105.

5115616
5151151105, 5105.

BA. 1564-5

1111566

1105. prae. 1586
50151511051105. .

B.A.1579-00 511.
5005100101 1. 5515510010
1101051111.

5515817 105.
5110115101.

5115714 0. 0.

1111577 -
5011111105.

5515815 105.
5010111103.

5115614
1101011110.

B.0.L. 1578
5011531051 1501151105
1101515105.

Β.0.5. 1544
5015511105.

5115817 011.
11015015, 105.

BA. 15815 0115.
11015015, 1105.

MA. 1575 15051511. 011.
110150151ῑῦ001

5515517 Ring’s
1151560 -
5015015151151
5515617
50150151, 5105.
55154150 (5115015)
MA. 1553
11111567 (01100511105)
50150151, Rich.
5515613
1151567
111150151150.
5515714 cath.
51111105.
5515819 Mag. (51111)
51111, 11105.
51157160 105. (51111)
1111051501.
5515611 0. 0.
1111584 -
111050, Will.
BA. 1586-‘1 5015.
11105115, Ι150.
5115711 1115.
5111115, will.
5115719 051.
51051151, 105.
55155160
1111563
51551151105. v
5515716 1115.
51051151, 105.
BA. 1579-60 105. (5105115)
51051150, 105.
55. 15811 101.
51051150, 105.
5515819 0. 0.
5105115105, 5101.
5515614 Qu.
1111511 -
5105115105, Ham.
BA. 1588-9 011.
5105115105, 1105.
,5.1540-1)
A. 1546
5105115105, 105.
BA. 15811 011.
1111111 Em.
5105115105,105.
5115817 Qu.
5105115105, Nioh.
5515514 051.
5105115105, 5155.
BA. 15713 105.
1111516 —-
5105115105, 505.
5111610
5105115005, Tho.
5515814 011.
1151567 -
5105115105, will.

34-2

 

