, 578

3143414 1411144144,1414 removed
11414 11444444, 189

3144411414, 4441 oi: 1. 3. 573

- 41 81 144134 4141414 141 314-
144443, 334

-1191ἑ141144 (141 8141111441) 4441141144,

-- order 414 3344414441, 334

1141441414, 4141443441441444, 166

-- 441144414444, 353

- 3144431441, 184, 374, 395, 353
-1141414441, 356

3144141,411141411413(414144441444)

19 (Ρ. Sheere)

81 (8 3844141444)

303 (141. 4114 34144)

170 (141 414444)
-Ξ8415101411184113414 with, 404
Ρ141414344 344344, 31444 4444414443,19
3141414344, 4411414 444444444137, 149
- 11444141, 460
-- visit to London oonoerning‚ 54
Ρ14444444 344414444, 131
414444444441144444, 49
1144141414414160
- 44444114414144441443, 131
-- — 41441444 41” junior, 158
—- 4414444 41, 8
- 414444 44441444 90
- resignation 44 on obtaining B.D.,
:tenen
114414141411. 0144441141, 419
Proieeeio 141414). degree (1563-7), 103

Qneen’ 4 visit 1534,181
—- 414434441441,181
- 4431444 444141144 44, 183

44444414, 444444, 47
1444οέ19441ξέ41414413,4444413 4414, 38,
41441413 (44444414144) belonging 14
8441414413, 81
Qngmmffiffl exoneed 41141 11144

4143141143 (141114) 9 1(41.Μ414),130

- 44141414441441144, 440
444434444414 14 Γ11441433 ,44441 44, 01
843444443141444314448733
31414144 44414144 1. Lectio
14411444,Ε41441183

8144444 414344, 443144 4441111144 14,
81 4341111, 444141 41,19
84414413, 114441115

841414 1144443444 (4444441 4411413), 47

INDEX OF SUBJEOT-MA'H'BR

84141414 4114 44111344411314111444
iening 4444344444 141414 town, 419

841154148434411413

8414141414, 44441444 4141111414, 187

- 1441131144

844141411444144, 133, 118, 340, 381

844141441411413, new. 343

- Chenoelior'o, 138, 344

8444414441 1. 81411414

- 44144444144144, 181

84441413 4444314413 iether. 333, 315,
334, 404, ao.

— -3144141, 343

- 4443414 4444414443, 48

Sententiarum magistri, not 14 141444,

Septem 4111, 370

84144 41411444141444, 17, 45, 61, 38,

zei 111 ne

Sollioitotor: 1. 0444444

Sophiste 34444144, 380, 391

84411443144, 1141141, 434

stationarius: 1. 3144141

81414141, 4444413 4444414443, 90

-- relation between 4444144113 444
Toou, 385

- 1414444441, 133

-— 14441444 in Liber niger, 130

- 41 Qneen 4114141411, 313

- 1444141444 into 414144, 160

-- 411541,136

8141141444431, 170, 181, 438

8114414, 4144444341, 39, 358, 367, 313

sindones, 14444 141, 90

8141114434 4441, 9, 393

-—- 41344144 41, 304

- 34434141, 38, 43

8414443, epponi 4344441, 145

8411411,1)41441 71

8434411444 4444441114, 4414 41 191

8433144414,1414413443444,3444413141,
301. 8444114313

84134131444444 ior: v. Index 41
nagreae

841143, 4141141, 301

44141, 43444411 v. 1441, 3. 539
Ξ 4113441144 efflei tegootoinhip, 38
4414,ο suo: θ 444 41, 115, 414.
41444413, 441414413, 3414113 41, 184

4144141441 street, 444144141384
- len belonging to, 44444 41, 114,
-ὓ1141414344, 417

0441414413 444 4414, 4314441441 be.
-11111123941 4114414 353, 167

 

