1111101 11111111 - 455

8115887 011. 81. 1581-8 0111. (8011800111)
8011111, Joh. 1111586 -
81 154850 801111, Sim.
1111558 811584-11 0111.
8011011, 0111. 1111588 -
81. 15788 011. 8011115011.
8011011, 77111. B.A.15‘14-5 7011.
8111788 1011. 8011111111.
1111676 - 8115788 1011.
8011111, 7011. 1111581 -
(8115488 80111111) Boves, Ja.
1111545 8115787 Pet.
8011111811. 801111, 8011111
8115885 01111. 8011. 1579 p. 881
8011101111, 77111, 11111 0181111 801111, Tho.
1111577 811579-80 011.
8011811801 1111568 -
80111011, 771111 v. 8011011 8011111, will.
8011111111. 8115488 (1101111 ordo)
8115689 1111111 80111111 v. 80111
111 1578 - 8011110101, 801.
8111579 8115885 0111.
Bound, Joh. 80111111, 1111111.
8115788 011. 81. 15788 Pom.
111. 1576 - 8011111, 8111.
8001181011. 81 15581
81. 15788 Pet. 80111111, (110.
1111575 - 8115887 5011.
8010181011, 80111, 010.
8115788 Pet. 8115487
111. 1581 - 1111549
Bound, Tho. 80111, 8111.
8111786 011. 8115585
MA. 1579 - 8011, 5011.
8111586 8115789 Joh.
801111, 77111. MA. 1588 -
81 15488 11011111.
11111110. 1549 ))).1 15884
m). 1555 ,1 1587)
801111111111101. (80111111) 8111546
8115788 Joh. . 8011, will.
1111575 - BA. 15881 Mag.
B.D. 1588 1111111 -
8011111111, 7011. 80111, soh.
8115687 8115887 00.
80111111, 77111. 8011011, will.
8115889 Chr. (Barneinordo) 8115487 1111111
800181111110. MA. 1550 .-
11111181 Pem. 111). 15688
8011111111, 01111 8011011, will.
8115445 80111588 (Biton)
111. 1547 81111111, 7011.

8011111101, 811111. (78.1 1177111. 81171111)
,1 15886 ’ 1111115

,1 1588) 8111111501.
1111511 11111111 chr.
fflffiwfi-ss) &3123le 0. c.
,1, 1644 MA. 1680 —

81). 1554 81115887 (8115111)
8011, 111011. 81111111, will.

 

