IV. INDEX OF SUBJEOT-MATTER

11100000 01 10000 0100001000 88 80000101, 81, 00110188
8010, 000018000000100011081110010 8000, 00000, 1100001100, 870, 870
884 Bibliotheca: 0101110οι7
Admission 000ογ from Cambridge, 87 81001 book: v. Liber niger
(Dr (0000011) 888 81100 0100001 (A. 110) 178
—- 000 0100 Dm pensatione Boethius, 1000( 01 copy 01, 880
Apology 10 8010000110, by Η. 010010, 800000, Ι011101 000100100,’ (81300111
427 01001000) 81,(11111. 11000101) 88
ΑΡέἶ8ι8Ἥ1101000 0001100. Kety) Buffllgrytobeletto 110Βο000, 80
10, 80()1). 801010000οΤ. 80001000) - 10 1110 (10001000114
88(810000000οΔ0111011000000) - 0800101100. 801100, 875
0011000ιο 0001118000101) — 101011. 0000030, 440
181 80001000 000 11001) 11100010 11010000 01000000 1000000,
180 000001, 81000100110030) 88
108 110010 000 80001000) 80010010 00111000 800. ed. 0000011),
181 0001100000 80010) 180
181 810300000100101) 1100011101.00100101,88
807 curtes 000 1100300010) 800110, 00
8080110000 00011011) Two 0000100100 1010000100100,
888 Mt Finoh) 00,100
808 80000000 00011000) 01100 000 1100101, 180
801 (T. 80000000) Ed. 1101100 000 T. 801000, 804
818 0001001100) 11000000 100000, 0110110000 100, 00
887 cath. 0011.) - 10 110 00013000, 188, 800, 810
887 (110 800000 - 01010 01010, 808
mmmm)
880 (181000) Cambridge, 110000Ι ιιι, 001000 11101·
1000808000, 8101010 0000000100,181 1000111, 74, 870
Αρέἔεσιαιονῖἶ ε(1811010000ιο ,0100100008 001οι)1,ὶιιι)111ῐ111 Θ3000 133¹ ·K2})(Lomns), )188

088 aeffim gmNioholson) 00000 1ιο0, 0000001 00, 108,114,118
111, 010 1)) 41:013> ῶ8181111118111000

807 Jo. 100, 0110101111) Bao, 878
488 1111011. 010011, T. 110000) Caput, 110101, v..p 800
1001000, 0000101, 18 - 000000100001000100000000, 848
80000010, Abp 01, 808 (Ad. 1101100) - 0001001000000 10 00000, 88
100000108000, 011000011οο 01, 88 - 000100 0,1000000 88
- 0010100010011000000 member, 847
800011000010101001010110100, 188 0000110111 0000111 1100011, 188
-10000010010000111100,170 810011000000011010880
- 180(Βο0100; 0001000100οι 01011· 0001100010 011001, 78
ing, 010.) 000οω110001 1101000οἱ10, 0 (Β 01
- 170 (10. 11000100) 8100100100), ,840 (11000 80038101)
-- 881, 808,104(8001000000) - 01001100 0 88, 88

 

