11111911 011 umus

191199, 919114 919
1911119911,99914 999
Johnson, Bob.; 198
Johnson (Jes.); 191
1911991 995
191199179114 957

11911191 159, 191
119111, 11914 415
1191, 1114 999
1111111991914 909
1111119911 974

11991, 19114 99

11911111 159, 199

1191191 199

1991119191 99, 47, 89, 100, 108
hume, 194 981

11911911, 99114 969

Ῑ199191 158, 189, 199

1191391 170, 405

11911911 11

11911111, will. 3 940, 994
11911191, (99114 950

1199111991, 1111 8

1191111191 81

119911911111 159, 180,191,907
11911111, Dr; 999, 981, 497
11191991, 1911. 3 994

11919111 9, 99, 90

11991191 99

11911911 74, 89, 90, 99199
1191119111 945

1199119111 949

1199191, Will.; 190

Maxi, 111114 401

11991111 54

11911011, Ed.; 304

119191 v. 9911111911, 578
1191991191 11

11911991 90, 99, 114
111111, 9194 414

1191191, 11194 919
11119191,111114 945
1111119911 108

11119191 90,114,199, (Dr) 191

119991 909

1191119111 180

1191111111, Dr; 180
1119191199, 911911 69, 81
119119, Bi. 3 81, 907
11911919, Dr; 957, 405
North. Sir 114 98
11911911,1194 999

011111 9
0911911191 414
0111911 199
Owen, 04 190

Ρ9911911 97

99191, 911774 54, 100
Ρ911911 9

9911 159, 907

Ρ911191,Ι)11 90, 47, 68, 74, 89
Ρ911911 68

Ρο1119; 19, 47, 159, 169, 199, 918
Ρ9η1911111 90, 99, 114, 115
Ρ191199,1’9111; 199
1191911111, Dr ; 66, 88
9191191191, Sir W.; 904
Ρ11111111119111 1, 99, 58, 160, 189
Ρο119111 181

Ponet, Dr; 54

Ρ9111 98, 74, 159, 169
Ρ111111, 1114 998 ·

99191119, 91114 970
1111191119, 19114 190, 907
11919111 199
1199911, Dr 3 115
9911119199, Dr; 47, 68
1191111911, 19114 114, 974
1191111911, W.3 995
1191, 41914 160
11919911 8
9111991911, 919114 999
99119111, 11914 956
Robinson ((1111.)1 48
1191119999,1114 169
11911999,91111. 1 980
9991199191,1111 90
1199191111 1. 9991919
11911911 97

11 414
11111191 958
11119119, Dr; 907
111191, 19114 160

8911911 9

99991919991 8
9991111911 98

99911911, Phil.; 940
99911, Dr; 99, 100, 109
9911111911 00, 99,100,108, 115
99111911,19114 949
9199119911 169
8119119, Pet. 3 975
9191919911 198
9191119911 69, 74
911919, 9914 99
9111111991 945
8191991991 170

91911, 19114 970
81111111 98

91111111, Dr; 97, 98

81111111, 11194 54
81111111, ’11194 989
991119, 1114 995
991191 158
91911991, 1114 904

 

